-0.0083,-0.0005,0.9543,0.0000,0.0000,0.0000,0.0000,0.0000,0.0000,1.0000,0.0000,0.0000,-0.0000,1.0000,0.0000,0.0000,0.0000,1.0000,0.0640,0.0617,0.9275,0.0557,0.0612,1.8818,0.0000,0.0000,0.0000
-0.0083,-0.0005,0.9521,0.0000,0.0000,0.0000,0.0000,0.0000,0.0000,0.9999,0.0036,-0.0148,-0.0038,0.9999,-0.0126,0.0148,0.0127,0.9998,0.0640,0.0618,0.9258,0.0557,0.0612,1.8779,0.0000,0.0000,0.0000
-0.0082,-0.0005,0.9492,0.0000,0.0000,0.0000,0.0000,0.0000,0.0000,0.9991,0.0053,-0.0422,-0.0069,0.9993,-0.0371,0.0419,0.0374,0.9984,0.0639,0.0617,0.9209,0.0557,0.0612,1.8701,0.0000,0.0000,0.0000
-0.0080,-0.0003,0.9466,-0.0004,-0.0004,-0.1115,-0.6337,0.7414,0.1873,0.9979,0.0048,-0.0646,-0.0086,0.9983,-0.0584,0.0642,0.0588,0.9962,0.0637,0.0615,0.9117,0.0557,0.0612,1.8583,0.0000,0.0000,-0.1962
-0.0075,0.0002,0.9451,0.0015,0.0013,-0.1469,-1.2313,1.3612,0.1199,0.9966,0.0025,-0.0829,-0.0089,0.9970,-0.0772,0.0825,0.0777,0.9936,0.0632,0.0611,0.8975,0.0557,0.0612,1.8426,0.0000,0.0000,-0.3924
-0.0065,0.0011,0.9450,0.0107,0.0094,-0.1277,-1.0754,1.1202,0.0297,0.9949,-0.0010,-0.1004,-0.0087,0.9953,-0.0965,0.1000,0.0969,0.9903,0.0622,0.0602,0.8780,0.0557,0.0612,1.8230,0.0000,0.0000,-0.5886
-0.0050,0.0025,0.9466,0.0266,0.0240,-0.0760,-0.9511,0.9143,-0.0452,0.9935,-0.0047,-0.1137,-0.0083,0.9935,-0.1136,0.1135,0.1138,0.9870,0.0607,0.0587,0.8529,0.0557,0.0612,1.7994,0.0000,0.0000,-0.7848
-0.0028,0.0046,0.9498,0.0487,0.0447,-0.0043,-0.9753,0.8754,-0.0853,0.9927,-0.0077,-0.1202,-0.0075,0.9921,-0.1250,0.1202,0.1250,0.9849,0.0585,0.0566,0.8221,0.0557,0.0612,1.7720,0.0000,0.0000,-0.9810
0.0001,0.0074,0.9548,0.0767,0.0718,0.0778,-0.8663,0.6702,-0.0927,0.9927,-0.0095,-0.1203,-0.0062,0.9915,-0.1301,0.1205,0.1299,0.9842,0.0556,0.0539,0.7858,0.0557,0.0612,1.7406,0.0000,0.0000,-1.1772
0.0036,0.0109,0.9614,0.1089,0.1041,0.1637,-0.5777,0.3315,-0.0820,0.9933,-0.0101,-0.1152,-0.0050,0.9914,-0.1305,0.1155,0.1302,0.9847,0.0521,0.0503,0.7439,0.0557,0.0612,1.7053,0.0000,0.0000,-1.3734
0.0077,0.0151,0.9693,0.1430,0.1396,0.2491,-0.2550,0.0079,-0.0620,0.9943,-0.0096,-0.1061,-0.0040,0.9919,-0.1272,0.1065,0.1269,0.9862,0.0480,0.0461,0.6967,0.0557,0.0612,1.6660,0.0000,0.0000,-1.5696
0.0124,0.0199,0.9781,0.1764,0.1756,0.3282,-0.0205,-0.2557,-0.0275,0.9955,-0.0083,-0.0940,-0.0031,0.9928,-0.1201,0.0944,0.1198,0.9883,0.0433,0.0413,0.6447,0.0557,0.0612,1.6228,0.0000,0.0000,-1.7658
0.0174,0.0252,0.9874,0.2067,0.2099,0.3952,0.1709,-0.4578,0.0061,0.9968,-0.0066,-0.0801,-0.0022,0.9939,-0.1099,0.0803,0.1097,0.9907,0.0383,0.0360,0.5884,0.0557,0.0612,1.5758,0.0000,0.0000,-1.9620
0.0227,0.0309,0.9964,0.2324,0.2406,0.4427,0.3602,-0.6114,0.0293,0.9979,-0.0050,-0.0649,-0.0014,0.9952,-0.0976,0.0651,0.0975,0.9931,0.0330,0.0303,0.5283,0.0557,0.0612,1.5247,0.0000,0.0000,-2.1582
0.0283,0.0369,1.0046,0.2523,0.2661,0.4633,0.5150,-0.7057,0.0393,0.9988,-0.0037,-0.0494,-0.0005,0.9964,-0.0842,0.0496,0.0842,0.9952,0.0275,0.0243,0.4652,0.0557,0.0612,1.4698,0.0000,0.0000,-2.3544
0.0339,0.0431,1.0115,0.2664,0.2857,0.4514,0.6163,-0.7619,0.0382,0.9994,-0.0029,-0.0341,0.0004,0.9975,-0.0710,0.0342,0.0709,0.9969,0.0218,0.0181,0.3995,0.0557,0.0612,1.4110,0.0000,0.0000,-2.5506
0.0395,0.0494,1.0166,0.2756,0.2999,0.4103,0.6738,-0.7800,0.0267,0.9998,-0.0025,-0.0193,0.0013,0.9982,-0.0594,0.0194,0.0593,0.9980,0.0162,0.0118,0.3316,0.0557,0.0612,1.3482,0.0000,0.0000,-2.7468
0.0452,0.0559,1.0197,0.2809,0.3096,0.3429,0.6653,-0.7713,0.0133,1.0000,-0.0025,-0.0073,0.0021,0.9987,-0.0502,0.0074,0.0502,0.9987,0.0105,0.0054,0.2617,0.0557,0.0612,1.2815,0.0000,0.0000,-2.9430
0.0509,0.0623,1.0207,0.2835,0.3161,0.2557,0.5800,-0.7410,0.0033,1.0000,-0.0028,-0.0014,0.0027,0.9991,-0.0413,0.0015,0.0413,0.9991,0.0048,-0.0011,0.1901,0.0557,0.0612,1.2108,0.0000,0.0000,-3.1392
0.0566,0.0689,1.0200,0.2842,0.3205,0.1554,0.4566,-0.6023,-0.0063,1.0000,-0.0030,0.0008,0.0030,0.9996,-0.0289,-0.0007,0.0289,0.9996,-0.0008,-0.0076,0.1163,0.0557,0.0612,1.1363,0.0000,0.0000,-3.3354
0.0622,0.0755,1.0179,0.2835,0.3239,0.0512,0.4492,-0.2932,-0.0157,1.0000,-0.0033,0.0042,0.0034,0.9999,-0.0121,-0.0042,0.0121,0.9999,-0.0065,-0.0142,0.0399,0.0557,0.0612,1.0578,0.0000,0.0000,-3.5316
0.0678,0.0820,1.0115,0.2825,0.3270,-0.0396,0.6213,-0.1117,-0.0136,0.9999,-0.0042,0.0136,0.0039,0.9999,0.0158,-0.0136,-0.0157,0.9998,-0.0124,-0.0198,0.0450,0.0554,0.0622,1.0565,0.0000,0.0000,-3.7278
0.0733,0.0885,1.0019,0.2813,0.3296,-0.1050,0.8391,-0.1738,-0.0133,0.9998,-0.0057,0.0206,0.0050,0.9994,0.0356,-0.0208,-0.0355,0.9992,-0.0186,-0.0245,0.1123,0.0548,0.0639,1.1142,0.0000,0.0000,-3.9240
0.0788,0.0948,0.9919,0.2811,0.3269,-0.4546,1.7207,-0.6115,-0.0257,0.9997,-0.0077,0.0249,0.0065,0.9988,0.0479,-0.0253,-0.0477,0.9985,-0.0246,-0.0291,0.1761,0.0542,0.0657,1.1680,-0.0299,0.0870,3.0826
0.0841,0.1009,0.9816,0.2775,0.3225,-0.4789,0.9894,-0.3582,-0.0613,0.9992,-0.0104,0.0376,0.0080,0.9981,0.0618,-0.0381,-0.0614,0.9974,-0.0306,-0.0335,0.2363,0.0536,0.0674,1.2179,-0.0299,0.0870,2.8864
0.0893,0.1067,0.9709,0.2727,0.3148,-0.4985,0.6164,-0.2195,-0.0865,0.9984,-0.0126,0.0547,0.0085,0.9973,0.0735,-0.0554,-0.0729,0.9958,-0.0363,-0.0376,0.2930,0.0530,0.0692,1.2639,-0.0299,0.0870,2.6902
0.0943,0.1123,0.9600,0.2674,0.3053,-0.5173,0.6899,-0.6391,-0.1114,0.9974,-0.0132,0.0705,0.0076,0.9968,0.0798,-0.0713,-0.0791,0.9943,-0.0419,-0.0414,0.3459,0.0524,0.0709,1.3059,-0.0299,0.0870,2.4940
0.0990,0.1176,0.9490,0.2597,0.2931,-0.5343,0.5792,-0.8626,-0.0833,0.9962,-0.0123,0.0857,0.0051,0.9965,0.0837,-0.0864,-0.0830,0.9928,-0.0472,-0.0449,0.3951,0.0518,0.0726,1.3440,-0.0299,0.0870,2.2978
0.1033,0.1225,0.9381,0.2485,0.2785,-0.5460,0.3134,-0.7974,-0.0132,0.9948,-0.0104,0.1014,0.0015,0.9962,0.0876,-0.1019,-0.0870,0.9910,-0.0521,-0.0481,0.4401,0.0512,0.0744,1.3782,-0.0299,0.0870,2.1016
0.1072,0.1270,0.9275,0.2340,0.2623,-0.5502,0.1898,-0.7639,0.0607,0.9932,-0.0080,0.1158,-0.0026,0.9959,0.0909,-0.1161,-0.0906,0.9891,-0.0566,-0.0508,0.4810,0.0506,0.0761,1.4085,-0.0299,0.0870,1.9054
0.1105,0.1310,0.9175,0.2158,0.2447,-0.5453,0.1931,-0.7915,0.1154,0.9918,-0.0055,0.1273,-0.0064,0.9957,0.0927,-0.1273,-0.0927,0.9875,-0.0605,-0.0532,0.5173,0.0500,0.0779,1.4348,-0.0299,0.0870,1.7092
0.1132,0.1347,0.9084,0.1934,0.2253,-0.5290,0.1675,-0.7283,0.1406,0.9908,-0.0034,0.1356,-0.0093,0.9956,0.0930,-0.1353,-0.0934,0.9864,-0.0638,-0.0550,0.5488,0.0494,0.0796,1.4572,-0.0299,0.0870,1.5130
0.1152,0.1378,0.9003,0.1663,0.2039,-0.4989,0.0889,-0.5811,0.1345,0.9901,-0.0018,0.1407,-0.0114,0.9956,0.0927,-0.1402,-0.0934,0.9857,-0.0664,-0.0564,0.5754,0.0488,0.0813,1.4757,-0.0299,0.0870,1.3168
0.1165,0.1404,0.8936,0.1351,0.1808,-0.4561,0.0207,-0.4148,0.1094,0.9897,-0.0007,0.1431,-0.0126,0.9957,0.0920,-0.1425,-0.0928,0.9854,-0.0683,-0.0573,0.5967,0.0482,0.0831,1.4903,-0.0299,0.0870,1.1206
0.1169,0.1425,0.8883,0.1004,0.1566,-0.4015,-0.0116,-0.2576,0.0789,0.9897,0.0000,0.1430,-0.0131,0.9958,0.0905,-0.1424,-0.0915,0.9856,-0.0693,-0.0577,0.6126,0.0476,0.0848,1.5009,-0.0299,0.0870,0.9244
0.1166,0.1441,0.8847,0.0631,0.1314,-0.3366,-0.0373,-0.1228,0.0499,0.9901,0.0006,0.1400,-0.0131,0.9960,0.0884,-0.1394,-0.0893,0.9862,-0.0696,-0.0576,0.6230,0.0470,0.0866,1.5076,-0.0299,0.0870,0.7282
0.1155,0.1452,0.8827,0.0241,0.1057,-0.2634,-0.0721,0.0052,0.0277,0.9911,0.0012,0.1334,-0.0127,0.9962,0.0856,-0.1328,-0.0865,0.9874,-0.0691,-0.0569,0.6278,0.0464,0.0883,1.5104,-0.0299,0.0870,0.5320
0.1137,0.1458,0.8823,-0.0156,0.0798,-0.1840,-0.1108,0.1505,0.0144,0.9924,0.0018,0.1231,-0.0120,0.9965,0.0823,-0.1226,-0.0832,0.9890,-0.0679,-0.0558,0.6269,0.0458,0.0900,1.5093,-0.0299,0.0870,0.3358
0.1111,0.1459,0.8837,-0.0550,0.0543,-0.1004,-0.1441,0.3313,0.0083,0.9938,0.0021,0.1107,-0.0109,0.9968,0.0787,-0.1102,-0.0794,0.9907,-0.0659,-0.0541,0.6205,0.0452,0.0918,1.5042,-0.0299,0.0870,0.1396
0.1080,0.1456,0.8867,-0.0926,0.0295,-0.0153,-0.1689,0.5196,0.0061,0.9951,0.0022,0.0987,-0.0097,0.9971,0.0751,-0.0982,-0.0757,0.9923,-0.0634,-0.0521,0.6086,0.0446,0.0935,1.4952,-0.0299,0.0870,-0.0566
0.1043,0.1449,0.8911,-0.1268,0.0059,0.0681,-0.1905,0.6253,-0.0027,0.9961,0.0020,0.0884,-0.0083,0.9974,0.0717,-0.0880,-0.0722,0.9935,-0.0603,-0.0496,0.5912,0.0440,0.0953,1.4823,-0.0299,0.0870,-0.2528
0.1002,0.1437,0.8969,-0.1569,-0.0161,0.1474,-0.1876,0.6059,-0.0165,0.9967,0.0016,0.0807,-0.0071,0.9976,0.0684,-0.0804,-0.0687,0.9944,-0.0568,-0.0467,0.5686,0.0434,0.0970,1.4655,-0.0299,0.0870,-0.4490
0.0957,0.1423,0.9040,-0.1830,-0.0367,0.2222,-0.1745,0.5178,-0.0282,0.9972,0.0012,0.0746,-0.0061,0.9979,0.0649,-0.0744,-0.0652,0.9951,-0.0529,-0.0435,0.5407,0.0428,0.0987,1.4448,-0.0299,0.0870,-0.6452
0.0908,0.1405,0.9122,-0.2058,-0.0559,0.2921,-0.1689,0.3865,-0.0350,0.9976,0.0012,0.0692,-0.0054,0.9981,0.0611,-0.0690,-0.0614,0.9957,-0.0486,-0.0400,0.5079,0.0422,0.1005,1.4201,-0.0299,0.0870,-0.8414
0.0857,0.1384,0.9212,-0.2259,-0.0736,0.3550,-0.1748,0.3018,-0.0302,0.9980,0.0015,0.0639,-0.0052,0.9983,0.0573,-0.0637,-0.0575,0.9963,-0.0440,-0.0362,0.4703,0.0416,0.1022,1.3915,-0.0299,0.0870,-1.0376
0.0802,0.1361,0.9307,-0.2436,-0.0897,0.4079,-0.1918,0.2700,-0.0152,0.9983,0.0022,0.0584,-0.0053,0.9985,0.0537,-0.0582,-0.0540,0.9968,-0.0392,-0.0321,0.4283,0.0410,0.1040,1.3590,-0.0299,0.0870,-1.2338
0.0745,0.1335,0.9404,-0.2591,-0.1040,0.4486,-0.1942,0.2687,0.0041,0.9986,0.0030,0.0529,-0.0057,0.9987,0.0506,-0.0527,-0.0508,0.9973,-0.0341,-0.0278,0.3822,0.0404,0.1057,1.3225,-0.0299,0.0870,-1.4300
0.0687,0.1308,0.9499,-0.2724,-0.1165,0.4753,-0.1797,0.2750,0.0215,0.9988,0.0039,0.0480,-0.0062,0.9988,0.0477,-0.0478,-0.0479,0.9977,-0.0289,-0.0234,0.3323,0.0398,0.1074,1.2822,-0.0299,0.0870,-1.6262
0.0627,0.1279,0.9588,-0.2834,-0.1272,0.4844,-0.1593,0.2736,0.0337,0.9990,0.0047,0.0435,-0.0066,0.9990,0.0446,-0.0433,-0.0449,0.9981,-0.0235,-0.0187,0.2791,0.0392,0.1092,1.2379,-0.0299,0.0870,-1.8224
0.0566,0.1249,0.9669,-0.2921,-0.1362,0.4741,-0.1484,0.2463,0.0362,0.9993,0.0052,0.0374,-0.0067,0.9991,0.0410,-0.0371,-0.0412,0.9985,-0.0180,-0.0140,0.2227,0.0386,0.1109,1.1896,-0.0299,0.0870,-2.0186
0.0504,0.1218,0.9740,-0.2991,-0.1439,0.4474,-0.1523,0.2223,0.0301,0.9996,0.0053,0.0277,-0.0063,0.9993,0.0358,-0.0275,-0.0360,0.9990,-0.0124,-0.0091,0.1635,0.0380,0.1127,1.1375,-0.0299,0.0870,-2.2148
0.0442,0.1186,0.9802,-0.3047,-0.1502,0.4045,-0.1849,0.3089,0.0181,0.9998,0.0048,0.0172,-0.0054,0.9995,0.0309,-0.0170,-0.0310,0.9994,-0.0068,-0.0042,0.1012,0.0374,0.1144,1.0814,-0.0299,0.0870,-2.4110
0.0380,0.1154,0.9831,-0.3090,-0.1558,0.3548,-0.2623,0.4840,-0.0038,0.9999,0.0041,0.0118,-0.0045,0.9995,0.0300,-0.0116,-0.0301,0.9995,-0.0022,-0.0012,0.1008,0.0358,0.1142,1.0839,-0.0299,0.0870,-2.6072
0.0318,0.1121,0.9831,-0.3120,-0.1606,0.3097,-0.2496,0.5229,-0.0262,1.0000,0.0036,0.0048,-0.0037,0.9995,0.0310,-0.0047,-0.0310,0.9995,0.0013,0.0001,0.1567,0.0331,0.1122,1.1398,-0.0299,0.0870,-2.8034
0.0256,0.1088,0.9826,-0.3090,-0.1570,0.0221,-0.0258,0.1676,-0.0385,1.0000,0.0032,-0.0057,-0.0030,0.9996,0.0285,0.0058,-0.0285,0.9996,0.0049,0.0014,0.2092,0.0305,0.1103,1.1918,-0.1321,-0.0988,2.9922
0.0194,0.1054,0.9810,-0.3099,-0.1616,0.0020,0.0490,0.3487,-0.0290,0.9998,0.0028,-0.0190,-0.0023,0.9996,0.0297,0.0191,-0.0296,0.9994,0.0084,0.0029,0.2589,0.0278,0.1083,1.2399,-0.1321,-0.0988,2.7960
0.0134,0.1020,0.9779,-0.3095,-0.1662,-0.0272,-0.1261,0.5242,-0.0204,0.9995,0.0027,-0.0326,-0.0016,0.9995,0.0331,0.0327,-0.0331,0.9989,0.0118,0.0043,0.3061,0.0252,0.1063,1.2840,-0.1321,-0.0988,2.5998
0.0074,0.0985,0.9733,-0.3076,-0.1695,-0.0818,0.0556,0.6682,-0.0169,0.9989,0.0029,-0.0458,-0.0014,0.9994,0.0339,0.0459,-0.0338,0.9984,0.0152,0.0059,0.3509,0.0226,0.1043,1.3243,-0.1321,-0.0988,2.4036
0.0015,0.0949,0.9672,-0.3040,-0.1724,-0.1524,0.1713,0.6805,-0.0110,0.9983,0.0035,-0.0583,-0.0017,0.9995,0.0319,0.0584,-0.0317,0.9978,0.0184,0.0075,0.3934,0.0199,0.1023,1.3606,-0.1321,-0.0988,2.2074
-0.0041,0.0912,0.9597,-0.2989,-0.1757,-0.2294,0.0397,0.6613,0.0093,0.9976,0.0046,-0.0694,-0.0026,0.9996,0.0283,0.0695,-0.0280,0.9972,0.0214,0.0091,0.4332,0.0173,0.1004,1.3929,-0.1321,-0.0988,2.0112
-0.0096,0.0875,0.9512,-0.2922,-0.1791,-0.3058,-0.1040,0.6252,0.0371,0.9969,0.0058,-0.0785,-0.0040,0.9997,0.0230,0.0786,-0.0226,0.9967,0.0242,0.0109,0.4702,0.0146,0.0984,1.4214,-0.1321,-0.0988,1.8150
-0.0147,0.0837,0.9421,-0.2837,-0.1824,-0.3746,-0.1809,0.5551,0.0633,0.9964,0.0069,-0.0848,-0.0057,0.9999,0.0148,0.0849,-0.0142,0.9963,0.0267,0.0127,0.5038,0.0120,0.0964,1.4459,-0.1321,-0.0988,1.6188
-0.0195,0.0799,0.9332,-0.2726,-0.1857,-0.4273,-0.2672,0.4532,0.0815,0.9961,0.0075,-0.0880,-0.0072,1.0000,0.0045,0.0880,-0.0038,0.9961,0.0289,0.0145,0.5333,0.0094,0.0944,1.4665,-0.1321,-0.0988,1.4226
-0.0239,0.0761,0.9248,-0.2581,-0.1889,-0.4511,-0.4117,0.3127,0.0882,0.9960,0.0076,-0.0891,-0.0082,0.9999,-0.0066,0.0890,0.0073,0.9960,0.0307,0.0164,0.5584,0.0067,0.0925,1.4832,-0.1321,-0.0988,1.2264
-0.0279,0.0723,0.9172,-0.2401,-0.1910,-0.4470,-0.5178,0.1588,0.0765,0.9960,0.0071,-0.0891,-0.0087,0.9998,-0.0178,0.0890,0.0185,0.9959,0.0320,0.0182,0.5787,0.0041,0.0905,1.4959,-0.1321,-0.0988,1.0302
-0.0314,0.0687,0.9108,-0.2197,-0.1911,-0.4211,-0.5535,0.0510,0.0517,0.9961,0.0063,-0.0883,-0.0089,0.9995,-0.0289,0.0881,0.0296,0.9957,0.0328,0.0199,0.5940,0.0014,0.0885,1.5048,-0.1321,-0.0988,0.8340
-0.0344,0.0652,0.9056,-0.1976,-0.1886,-0.3781,-0.5606,-0.0041,0.0264,0.9962,0.0054,-0.0865,-0.0089,0.9992,-0.0396,0.0862,0.0402,0.9955,0.0332,0.0214,0.6041,-0.0012,0.0865,1.5097,-0.1321,-0.0988,0.6378
-0.0369,0.0619,0.9018,-0.1745,-0.1832,-0.3223,-0.5550,-0.0425,0.0091,0.9965,0.0047,-0.0837,-0.0088,0.9987,-0.0494,0.0834,0.0499,0.9953,0.0331,0.0227,0.6088,-0.0039,0.0846,1.5107,-0.1321,-0.0988,0.4416
-0.0390,0.0589,0.8995,-0.1509,-0.1748,-0.2580,-0.5325,-0.0930,0.0027,0.9968,0.0042,-0.0801,-0.0088,0.9983,-0.0578,0.0797,0.0583,0.9951,0.0325,0.0237,0.6082,-0.0065,0.0826,1.5077,-0.1321,-0.0988,0.2454
-0.0407,0.0563,0.8987,-0.1274,-0.1634,-0.1883,-0.4888,-0.1434,0.0046,0.9971,0.0040,-0.0755,-0.0089,0.9979,-0.0646,0.0751,0.0651,0.9950,0.0316,0.0244,0.6022,-0.0091,0.0806,1.5009,-0.1321,-0.0988,0.0492
-0.0419,0.0540,0.8993,-0.1045,-0.1493,-0.1158,-0.4224,-0.1865,0.0105,0.9975,0.0040,-0.0701,-0.0089,0.9975,-0.0698,0.0697,0.0702,0.9951,0.0302,0.0247,0.5908,-0.0118,0.0786,1.4901,-0.1321,-0.0988,-0.1470
-0.0428,0.0520,0.9013,-0.0825,-0.1329,-0.0423,-0.3386,-0.2286,0.0156,0.9980,0.0040,-0.0638,-0.0087,0.9973,-0.0733,0.0634,0.0737,0.9953,0.0284,0.0246,0.5741,-0.0144,0.0767,1.4754,-0.1321,-0.0988,-0.3432
-0.0433,0.0505,0.9045,-0.0620,-0.1148,0.0302,-0.2568,-0.2727,0.0178,0.9984,0.0042,-0.0569,-0.0085,0.9972,-0.0746,0.0564,0.0750,0.9956,0.0263,0.0242,0.5523,-0.0171,0.0747,1.4567,-0.1321,-0.0988,-0.5394
-0.0436,0.0494,0.9087,-0.0432,-0.0957,0.0991,-0.1724,-0.3155,0.0162,0.9987,0.0044,-0.0500,-0.0081,0.9973,-0.0736,0.0495,0.0740,0.9960,0.0239,0.0233,0.5255,-0.0197,0.0727,1.4342,-0.1321,-0.0988,-0.7356
-0.0436,0.0486,0.9137,-0.0266,-0.0762,0.1601,-0.0639,-0.3470,0.0122,0.9990,0.0047,-0.0439,-0.0078,0.9974,-0.0711,0.0434,0.0714,0.9965,0.0213,0.0222,0.4940,-0.0223,0.0707,1.4077,-0.1321,-0.0988,-0.9318
-0.0434,0.0481,0.9193,-0.0126,-0.0573,0.2104,0.0515,-0.3475,0.0080,0.9992,0.0049,-0.0389,-0.0076,0.9977,-0.0677,0.0384,0.0679,0.9970,0.0184,0.0206,0.4580,-0.0250,0.0688,1.3773,-0.1321,-0.0988,-1.1280
-0.0431,0.0480,0.9253,-0.0008,-0.0395,0.2502,0.1275,-0.3061,0.0060,0.9994,0.0052,-0.0349,-0.0074,0.9980,-0.0631,0.0345,0.0633,0.9974,0.0154,0.0188,0.4176,-0.0276,0.0668,1.3429,-0.1321,-0.0988,-1.3242
-0.0426,0.0481,0.9315,0.0090,-0.0230,0.2804,0.1771,-0.2494,0.0057,0.9995,0.0054,-0.0318,-0.0072,0.9983,-0.0575,0.0314,0.0577,0.9978,0.0123,0.0167,0.3731,-0.0303,0.0648,1.3047,-0.1321,-0.0988,-1.5204
-0.0420,0.0484,0.9379,0.0173,-0.0082,0.3008,0.2294,-0.1966,0.0042,0.9996,0.0054,-0.0293,-0.0069,0.9987,-0.0513,0.0289,0.0515,0.9983,0.0091,0.0144,0.3246,-0.0329,0.0628,1.2625,-0.1321,-0.0988,-1.7166
-0.0412,0.0489,0.9443,0.0245,0.0051,0.3125,0.2806,-0.1544,-0.0001,0.9996,0.0052,-0.0271,-0.0064,0.9990,-0.0448,0.0269,0.0450,0.9986,0.0057,0.0119,0.2721,-0.0355,0.0609,1.2164,-0.1321,-0.0988,-1.9128
-0.0404,0.0497,0.9506,0.0307,0.0169,0.3184,0.3112,-0.1251,-0.0079,0.9996,0.0046,-0.0268,-0.0056,0.9993,-0.0378,0.0266,0.0379,0.9989,0.0022,0.0092,0.2157,-0.0382,0.0589,1.1664,-0.1321,-0.0988,-2.1090
-0.0395,0.0505,0.9569,0.0363,0.0270,0.3195,0.3279,-0.1040,-0.0196,0.9996,0.0037,-0.0283,-0.0045,0.9995,-0.0302,0.0282,0.0303,0.9991,-0.0013,0.0064,0.1555,-0.0408,0.0569,1.1124,-0.1321,-0.0988,-2.3052
-0.0385,0.0515,0.9630,0.0413,0.0357,0.3167,0.3515,-0.0145,-0.0386,0.9996,0.0026,-0.0290,-0.0032,0.9998,-0.0203,0.0289,0.0204,0.9994,-0.0050,0.0034,0.0915,-0.0435,0.0549,1.0545,-0.1321,-0.0988,-2.5014
-0.0374,0.0525,0.9662,0.0462,0.0428,0.3118,0.3801,0.0773,-0.0582,0.9997,0.0018,-0.0232,-0.0020,1.0000,-0.0067,0.0232,0.0067,0.9997,-0.0068,0.0018,0.0920,-0.0442,0.0543,1.0582,-0.1321,-0.0988,-2.6976
-0.0363,0.0534,0.9666,0.0515,0.0485,0.3065,0.4935,0.0337,-0.0659,0.9998,0.0013,-0.0195,-0.0011,1.0000,0.0094,0.0195,-0.0094,0.9998,-0.0070,0.0014,0.1494,-0.0433,0.0548,1.1160,-0.1321,-0.0988,-2.8938
-0.0352,0.0544,0.9663,0.0494,0.0469,0.0346,0.6483,-0.4463,-0.0536,0.9998,0.0013,-0.0210,-0.0008,0.9997,0.0233,0.0210,-0.0233,0.9995,-0.0071,0.0010,0.2037,-0.0424,0.0554,1.1700,0.0468,0.0275,3.0906
-0.0340,0.0552,0.9650,0.0532,0.0480,0.0205,0.8048,-0.1872,-0.0433,0.9997,0.0012,-0.0230,-0.0005,0.9995,0.0316,0.0230,-0.0316,0.9992,-0.0074,0.0007,0.2551,-0.0414,0.0559,1.2201,0.0468,0.0275,2.8944
-0.0328,0.0560,0.9624,0.0560,0.0463,-0.0151,0.6975,0.0755,-0.0166,0.9997,0.0010,-0.0240,-0.0001,0.9993,0.0361,0.0241,-0.0361,0.9991,-0.0077,0.0005,0.3038,-0.0405,0.0565,1.2662,0.0468,0.0275,2.6982
-0.0315,0.0566,0.9584,0.0588,0.0425,-0.0663,0.4123,0.1024,-0.0112,0.9997,0.0007,-0.0248,0.0002,0.9992,0.0389,0.0248,-0.0389,0.9989,-0.0080,0.0004,0.3500,-0.0395,0.0570,1.3084,0.0468,0.0275,2.5020
-0.0302,0.0572,0.9530,0.0616,0.0381,-0.1295,0.2265,0.0520,-0.0159,0.9997,0.0007,-0.0252,0.0003,0.9992,0.0392,0.0252,-0.0392,0.9989,-0.0084,0.0004,0.3936,-0.0386,0.0576,1.3466,0.0468,0.0275,2.3058
-0.0288,0.0577,0.9465,0.0644,0.0334,-0.1997,0.1399,0.0367,-0.0168,0.9997,0.0010,-0.0246,-0.0001,0.9993,0.0368,0.0246,-0.0368,0.9990,-0.0089,0.0005,0.4345,-0.0377,0.0581,1.3810,0.0468,0.0275,2.1096
-0.0273,0.0580,0.9390,0.0672,0.0283,-0.2689,0.0173,0.0220,-0.0038,0.9997,0.0016,-0.0224,-0.0008,0.9995,0.0322,0.0225,-0.0322,0.9992,-0.0095,0.0007,0.4724,-0.0367,0.0587,1.4114,0.0468,0.0275,1.9134
-0.0257,0.0582,0.9313,0.0704,0.0228,-0.3283,-0.1199,-0.0296,0.0182,0.9998,0.0022,-0.0190,-0.0017,0.9997,0.0256,0.0191,-0.0256,0.9995,-0.0101,0.0010,0.5065,-0.0358,0.0592,1.4379,0.0468,0.0275,1.7172
-0.0241,0.0583,0.9239,0.0739,0.0171,-0.3709,-0.2317,-0.1096,0.0351,0.9999,0.0027,-0.0151,-0.0024,0.9998,0.0178,0.0152,-0.0178,0.9997,-0.0108,0.0015,0.5366,-0.0349,0.0598,1.4605,0.0468,0.0275,1.5210
-0.0224,0.0584,0.9171,0.0777,0.0111,-0.3845,-0.3311,-0.1706,0.0394,0.9999,0.0029,-0.0110,-0.0028,0.9999,0.0099,0.0110,-0.0099,0.9999,-0.0115,0.0020,0.5620,-0.0339,0.0603,1.4791,0.0468,0.0275,1.3248
-0.0207,0.0584,0.9113,0.0814,0.0058,-0.3721,-0.3876,-0.1962,0.0311,1.0000,0.0028,-0.0065,-0.0028,1.0000,0.0021,0.0065,-0.0021,1.0000,-0.0123,0.0025,0.5826,-0.0330,0.0609,1.4938,0.0468,0.0275,1.1286
-0.0189,0.0583,0.9066,0.0845,0.0017,-0.3396,-0.3968,-0.2092,0.0153,1.0000,0.0025,-0.0019,-0.0025,1.0000,-0.0054,0.0018,0.0054,1.0000,-0.0131,0.0031,0.5980,-0.0321,0.0614,1.5046,0.0468,0.0275,0.9324
-0.0172,0.0583,0.9034,0.0868,-0.0007,-0.2915,-0.3886,-0.2245,-0.0013,1.0000,0.0021,0.0028,-0.0021,0.9999,-0.0124,-0.0028,0.0124,0.9999,-0.0140,0.0037,0.6081,-0.0311,0.0620,1.5115,0.0468,0.0275,0.7362
-0.0154,0.0584,0.9015,0.0881,-0.0012,-0.2318,-0.3762,-0.2339,-0.0136,1.0000,0.0018,0.0072,-0.0016,0.9998,-0.0186,-0.0073,0.0186,0.9998,-0.0148,0.0041,0.6129,-0.0302,0.0625,1.5145,0.0468,0.0275,0.5400
-0.0137,0.0586,0.9012,0.0883,0.0002,-0.1640,-0.3507,-0.2323,-0.0197,0.9999,0.0015,0.0114,-0.0012,0.9997,-0.0239,-0.0114,0.0239,0.9996,-0.0155,0.0045,0.6123,-0.0293,0.0631,1.5135,0.0468,0.0275,0.3438
-0.0121,0.0589,0.9024,0.0872,0.0036,-0.0914,-0.3099,-0.2248,-0.0198,0.9999,0.0012,0.0151,-0.0008,0.9996,-0.0282,-0.0152,0.0282,0.9995,-0.0162,0.0048,0.6062,-0.0283,0.0636,1.5086,0.0468,0.0275,0.1476
-0.0105,0.0593,0.9050,0.0848,0.0086,-0.0166,-0.2653,-0.2090,-0.0177,0.9998,0.0010,0.0183,-0.0004,0.9995,-0.0313,-0.0183,0.0312,0.9993,-0.0168,0.0049,0.5948,-0.0274,0.0642,1.4998,0.0468,0.0275,-0.0486
-0.0091,0.0599,0.9090,0.0814,0.0151,0.0582,-0.2135,-0.1861,-0.0159,0.9998,0.0008,0.0209,-0.0001,0.9995,-0.0329,-0.0209,0.0329,0.9992,-0.0173,0.0048,0.5780,-0.0264,0.0647,1.4870,0.0468,0.0275,-0.2448
-0.0078,0.0607,0.9142,0.0770,0.0226,0.1313,-0.1530,-0.1585,-0.0143,0.9997,0.0007,0.0226,0.0001,0.9994,-0.0333,-0.0226,0.0333,0.9992,-0.0177,0.0046,0.5562,-0.0255,0.0653,1.4704,0.0468,0.0275,-0.4410
-0.0066,0.0617,0.9205,0.0718,0.0308,0.1997,-0.0813,-0.1294,-0.0105,0.9997,0.0007,0.0231,0.0001,0.9995,-0.0328,-0.0231,0.0328,0.9992,-0.0180,0.0042,0.5293,-0.0246,0.0658,1.4498,0.0468,0.0275,-0.6372
-0.0055,0.0628,0.9275,0.0661,0.0392,0.2606,-0.0205,-0.0862,-0.0049,0.9997,0.0008,0.0225,-0.0001,0.9995,-0.0319,-0.0225,0.0319,0.9992,-0.0181,0.0036,0.4977,-0.0236,0.0664,1.4253,0.0468,0.0275,-0.8334
-0.0045,0.0640,0.9352,0.0602,0.0473,0.3124,0.0230,-0.0260,0.0011,0.9998,0.0010,0.0210,-0.0004,0.9995,-0.0303,-0.0211,0.0303,0.9993,-0.0182,0.0029,0.4616,-0.0227,0.0669,1.3968,0.0468,0.0275,-1.0296
-0.0036,0.0654,0.9434,0.0544,0.0550,0.3543,0.0479,0.0318,0.0070,0.9998,0.0013,0.0191,-0.0008,0.9996,-0.0279,-0.0191,0.0279,0.9994,-0.0181,0.0021,0.4211,-0.0218,0.0675,1.3644,0.0468,0.0275,-1.2258
-0.0028,0.0669,0.9516,0.0490,0.0621,0.3855,0.0772,0.0719,0.0127,0.9999,0.0017,0.0168,-0.0012,0.9997,-0.0247,-0.0168,0.0247,0.9996,-0.0180,0.0012,0.3765,-0.0208,0.0680,1.3282,0.0468,0.0275,-1.4220
-0.0021,0.0684,0.9599,0.0443,0.0684,0.4056,0.1213,0.0981,0.0174,0.9999,0.0019,0.0142,-0.0016,0.9998,-0.0208,-0.0142,0.0208,0.9997,-0.0178,0.0002,0.3281,-0.0199,0.0686,1.2879,0.0468,0.0275,-1.6182
-0.0014,0.0701,0.9679,0.0401,0.0739,0.4136,0.1595,0.1157,0.0193,0.9999,0.0020,0.0117,-0.0018,0.9999,-0.0163,-0.0117,0.0163,0.9998,-0.0175,-0.0009,0.2759,-0.0190,0.0691,1.2438,0.0468,0.0275,-1.8144
-0.0008,0.0718,0.9756,0.0367,0.0785,0.4117,0.1946,0.1296,0.0162,1.0000,0.0018,0.0094,-0.0017,0.9999,-0.0113,-0.0094,0.0112,0.9999,-0.0172,-0.0021,0.2202,-0.0180,0.0697,1.1958,0.0468,0.0275,-2.0106
-0.0002,0.0735,0.9829,0.0339,0.0821,0.4018,0.2258,0.1251,0.0073,1.0000,0.0013,0.0066,-0.0013,1.0000,-0.0059,-0.0066,0.0059,1.0000,-0.0169,-0.0033,0.1609,-0.0171,0.0702,1.1438,0.0468,0.0275,-2.2068
0.0004,0.0752,0.9896,0.0316,0.0847,0.3849,0.2544,0.1163,-0.0063,1.0000,0.0006,0.0036,-0.0006,1.0000,0.0004,-0.0036,-0.0004,1.0000,-0.0165,-0.0044,0.0983,-0.0162,0.0708,1.0879,0.0468,0.0275,-2.4030
0.0010,0.0770,0.9930,0.0298,0.0863,0.3628,0.2690,0.1424,-0.0236,1.0000,-0.0001,0.0084,-0.0000,0.9999,0.0119,-0.0084,-0.0119,0.9999,-0.0164,-0.0057,0.0978,-0.0154,0.0713,1.0908,0.0468,0.0275,-2.5992
0.0015,0.0787,0.9932,0.0286,0.0870,0.3365,0.3160,0.1476,-0.0349,1.0000,-0.0003,0.0066,0.0001,0.9997,0.0234,-0.0066,-0.0234,0.9997,-0.0165,-0.0069,0.1538,-0.0149,0.0718,1.1470,0.0468,0.0275,-2.7954
0.0020,0.0803,0.9924,0.0292,0.0869,0.0483,0.6589,-0.5697,-0.0300,1.0000,0.0000,-0.0016,0.0000,0.9995,0.0320,0.0016,-0.0320,0.9995,-0.0165,-0.0080,0.2068,-0.0144,0.0723,1.1992,0.0251,0.0249,3.0037
0.0026,0.0818,0.9903,0.0274,0.0846,0.0107,0.5754,0.0918,-0.0076,1.0000,0.0002,-0.0052,0.0000,0.9992,0.0401,0.0052,-0.0401,0.9992,-0.0165,-0.0090,0.2572,-0.0139,0.0728,1.2475,0.0251,0.0249,2.8075
0.0031,0.0832,0.9866,0.0262,0.0809,-0.0414,0.4309,0.4094,0.0183,1.0000,-0.0001,-0.0065,0.0004,0.9989,0.0475,0.0065,-0.0475,0.9988,-0.0165,-0.0099,0.3052,-0.0134,0.0733,1.2919,0.0251,0.0249,2.6113
0.0037,0.0845,0.9815,0.0264,0.0764,-0.1066,0.4069,0.1774,0.0043,1.0000,-0.0004,-0.0083,0.0008,0.9986,0.0530,0.0083,-0.0530,0.9986,-0.0166,-0.0107,0.3508,-0.0129,0.0738,1.3323,0.0251,0.0249,2.4151
0.0042,0.0857,0.9749,0.0270,0.0712,-0.1806,0.3719,0.0662,-0.0135,1.0000,-0.0005,-0.0099,0.0011,0.9985,0.0551,0.0099,-0.0551,0.9984,-0.0167,-0.0114,0.3940,-0.0124,0.0743,1.3689,0.0251,0.0249,2.2189
0.0048,0.0867,0.9671,0.0276,0.0652,-0.2568,0.2736,0.0896,-0.0181,0.9999,-0.0003,-0.0101,0.0008,0.9985,0.0542,0.0101,-0.0542,0.9985,-0.0168,-0.0119,0.4344,-0.0119,0.0748,1.4015,0.0251,0.0249,2.0227
0.0054,0.0876,0.9583,0.0285,0.0584,-0.3299,0.1071,0.0808,-0.0070,1.0000,0.0002,-0.0090,0.0002,0.9987,0.0509,0.0090,-0.0509,0.9987,-0.0169,-0.0123,0.4719,-0.0114,0.0753,1.4302,0.0251,0.0249,1.8265
0.0061,0.0882,0.9492,0.0298,0.0508,-0.3930,-0.0454,0.0119,0.0117,1.0000,0.0008,-0.0071,-0.0005,0.9990,0.0453,0.0071,-0.0453,0.9989,-0.0170,-0.0124,0.5057,-0.0109,0.0758,1.4549,0.0251,0.0249,1.6303
0.0068,0.0887,0.9404,0.0312,0.0425,-0.4377,-0.1664,-0.0550,0.0269,1.0000,0.0013,-0.0048,-0.0011,0.9993,0.0383,0.0048,-0.0383,0.9993,-0.0172,-0.0124,0.5354,-0.0104,0.0763,1.4757,0.0251,0.0249,1.4341
0.0075,0.0890,0.9321,0.0327,0.0332,-0.4535,-0.2830,-0.0964,0.0313,1.0000,0.0015,-0.0021,-0.0014,0.9995,0.0310,0.0022,-0.0310,0.9995,-0.0174,-0.0122,0.5605,-0.0099,0.0768,1.4927,0.0251,0.0249,1.2379
0.0082,0.0892,0.9248,0.0340,0.0237,-0.4432,-0.3498,-0.1183,0.0248,1.0000,0.0014,0.0006,-0.0014,0.9997,0.0237,-0.0006,-0.0237,0.9997,-0.0176,-0.0119,0.5808,-0.0094,0.0773,1.5056,0.0251,0.0249,1.0417
0.0089,0.0892,0.9187,0.0350,0.0150,-0.4123,-0.3651,-0.1317,0.0113,1.0000,0.0011,0.0034,-0.0012,0.9999,0.0166,-0.0034,-0.0166,0.9999,-0.0178,-0.0114,0.5960,-0.0089,0.0778,1.5147,0.0251,0.0249,0.8455
0.0096,0.0891,0.9139,0.0354,0.0075,-0.3656,-0.3634,-0.1390,-0.0032,1.0000,0.0008,0.0060,-0.0008,1.0000,0.0097,-0.0060,-0.0097,0.9999,-0.0180,-0.0109,0.6060,-0.0084,0.0783,1.5198,0.0251,0.0249,0.6493
0.0102,0.0890,0.9105,0.0351,0.0015,-0.3071,-0.3586,-0.1382,-0.0140,1.0000,0.0004,0.0084,-0.0004,1.0000,0.0034,-0.0084,-0.0034,1.0000,-0.0181,-0.0102,0.6106,-0.0079,0.0788,1.5211,0.0251,0.0249,0.4531
0.0108,0.0889,0.9086,0.0341,-0.0028,-0.2405,-0.3431,-0.1308,-0.0193,0.9999,0.0001,0.0103,-0.0001,1.0000,-0.0022,-0.0103,0.0022,0.9999,-0.0182,-0.0096,0.6098,-0.0074,0.0793,1.5184,0.0251,0.0249,0.2569
0.0114,0.0888,0.9081,0.0323,-0.0054,-0.1690,-0.3148,-0.1186,-0.0199,0.9999,-0.0002,0.0119,0.0003,1.0000,-0.0070,-0.0119,0.0070,0.9999,-0.0183,-0.0090,0.6036,-0.0069,0.0798,1.5117,0.0251,0.0249,0.0607
0.0118,0.0887,0.9091,0.0300,-0.0062,-0.0954,-0.2821,-0.0990,-0.0186,0.9999,-0.0004,0.0130,0.0005,0.9999,-0.0107,-0.0129,0.0107,0.9999,-0.0183,-0.0084,0.5920,-0.0064,0.0803,1.5012,0.0251,0.0249,-0.1355
0.0122,0.0887,0.9115,0.0271,-0.0056,-0.0218,-0.2367,-0.0776,-0.0162,0.9999,-0.0005,0.0138,0.0007,0.9999,-0.0133,-0.0138,0.0133,0.9998,-0.0182,-0.0079,0.5752,-0.0059,0.0808,1.4867,0.0251,0.0249,-0.3317
0.0126,0.0888,0.9150,0.0238,-0.0037,0.0500,-0.1859,-0.0536,-0.0130,0.9999,-0.0005,0.0145,0.0007,0.9999,-0.0147,-0.0145,0.0147,0.9998,-0.0180,-0.0075,0.5533,-0.0054,0.0813,1.4683,0.0251,0.0249,-0.5279
0.0128,0.0889,0.9196,0.0202,-0.0008,0.1172,-0.1298,-0.0408,-0.0074,0.9999,-0.0003,0.0149,0.0006,0.9999,-0.0154,-0.0149,0.0154,0.9998,-0.0177,-0.0071,0.5264,-0.0049,0.0818,1.4459,0.0251,0.0249,-0.7241
0.0130,0.0891,0.9249,0.0166,0.0026,0.1770,-0.0732,-0.0366,0.0000,0.9999,-0.0001,0.0145,0.0004,0.9999,-0.0153,-0.0145,0.0153,0.9998,-0.0174,-0.0068,0.4948,-0.0044,0.0823,1.4197,0.0251,0.0249,-0.9203
0.0131,0.0893,0.9309,0.0130,0.0062,0.2278,-0.0331,-0.0183,0.0060,0.9999,0.0001,0.0137,0.0001,0.9999,-0.0145,-0.0137,0.0145,0.9998,-0.0171,-0.0066,0.4586,-0.0039,0.0828,1.3895,0.0251,0.0249,-1.1165
0.0132,0.0897,0.9374,0.0094,0.0099,0.2689,0.0046,0.0165,0.0105,0.9999,0.0005,0.0126,-0.0003,0.9999,-0.0132,-0.0126,0.0132,0.9998,-0.0166,-0.0064,0.4180,-0.0034,0.0833,1.3554,0.0251,0.0249,-1.3127
0.0132,0.0901,0.9441,0.0060,0.0134,0.3001,0.0386,0.0439,0.0141,0.9999,0.0008,0.0112,-0.0007,0.9999,-0.0115,-0.0112,0.0115,0.9999,-0.0161,-0.0063,0.3733,-0.0029,0.0838,1.3174,0.0251,0.0249,-1.5089
0.0132,0.0905,0.9508,0.0030,0.0165,0.3219,0.0652,0.0556,0.0170,1.0000,0.0011,0.0095,-0.0010,1.0000,-0.0094,-0.0095,0.0094,0.9999,-0.0156,-0.0062,0.3246,-0.0024,0.0843,1.2754,0.0251,0.0249,-1.7051
0.0131,0.0910,0.9575,0.0004,0.0192,0.3339,0.0846,0.0663,0.0185,1.0000,0.0013,0.0079,-0.0012,1.0000,-0.0066,-0.0079,0.0066,0.9999,-0.0150,-0.0062,0.2720,-0.0019,0.0848,1.2296,0.0251,0.0249,-1.9013
0.0130,0.0914,0.9642,-0.0019,0.0214,0.3380,0.1035,0.0849,0.0166,1.0000,0.0011,0.0063,-0.0011,1.0000,-0.0030,-0.0063,0.0030,1.0000,-0.0144,-0.0062,0.2156,-0.0014,0.0853,1.1798,0.0251,0.0249,-2.0975
0.0129,0.0919,0.9706,-0.0038,0.0232,0.3362,0.1416,0.0807,0.0091,1.0000,0.0007,0.0039,-0.0007,1.0000,0.0009,-0.0039,-0.0009,1.0000,-0.0138,-0.0062,0.1555,-0.0009,0.0858,1.1261,0.0251,0.0249,-2.2937
0.0127,0.0924,0.9768,-0.0053,0.0244,0.3308,0.1820,0.0799,-0.0046,1.0000,-0.0000,0.0008,0.0000,1.0000,0.0058,-0.0008,-0.0058,1.0000,-0.0131,-0.0062,0.0916,-0.0004,0.0863,1.0684,0.0251,0.0249,-2.4899
0.0126,0.0929,0.9798,-0.0064,0.0249,0.3217,0.1946,0.1238,-0.0225,1.0000,-0.0007,0.0042,0.0006,0.9999,0.0167,-0.0042,-0.0167,0.9999,-0.0125,-0.0065,0.0918,0.0000,0.0864,1.0717,0.0251,0.0249,-2.6861
0.0124,0.0934,0.9798,-0.0072,0.0246,0.3096,0.2456,0.1519,-0.0347,1.0000,-0.0009,0.0023,0.0008,0.9996,0.0273,-0.0023,-0.0273,0.9996,-0.0120,-0.0072,0.1489,0.0004,0.0862,1.1287,0.0251,0.0249,-2.8823
0.0123,0.0937,0.9790,-0.0067,0.0253,0.0280,0.6568,-0.4382,-0.0328,1.0000,-0.0005,-0.0052,0.0006,0.9994,0.0351,0.0052,-0.0351,0.9994,-0.0114,-0.0078,0.2029,0.0008,0.0859,1.1819,0.0200,-0.0108,3.0494
0.0121,0.0940,0.9770,-0.0077,0.0223,0.0004,0.5314,0.0977,-0.0078,0.9999,-0.0003,-0.0101,0.0007,0.9991,0.0420,0.0101,-0.0420,0.9991,-0.0109,-0.0083,0.2541,0.0012,0.0857,1.2311,0.0200,-0.0108,2.8532
0.0120,0.0941,0.9737,-0.0082,0.0180,-0.0432,0.3926,0.3712,0.0190,0.9999,-0.0004,-0.0133,0.0011,0.9989,0.0476,0.0133,-0.0477,0.9988,-0.0104,-0.0086,0.3026,0.0016,0.0855,1.2764,0.0200,-0.0108,2.6570
0.0119,0.0942,0.9692,-0.0074,0.0130,-0.0986,0.3433,0.2479,0.0060,0.9999,-0.0007,-0.0163,0.0016,0.9987,0.0513,0.0162,-0.0513,0.9986,-0.0099,-0.0089,0.3486,0.0020,0.0853,1.3178,0.0200,-0.0108,2.4608
0.0119,0.0940,0.9633,-0.0059,0.0074,-0.1627,0.2839,0.1602,-0.0110,0.9998,-0.0008,-0.0187,0.0018,0.9987,0.0517,0.0186,-0.0518,0.9985,-0.0094,-0.0090,0.3919,0.0024,0.0851,1.3552,0.0200,-0.0108,2.2646
0.0119,0.0938,0.9563,-0.0042,0.0012,-0.2295,0.1830,0.1476,-0.0162,0.9998,-0.0005,-0.0201,0.0015,0.9988,0.0495,0.0201,-0.0495,0.9986,-0.0090,-0.0089,0.4324,0.0028,0.0849,1.3887,0.0200,-0.0108,2.0684
0.0120,0.0934,0.9485,-0.0021,-0.0056,-0.2939,0.0223,0.1207,-0.0052,0.9998,0.0001,-0.0205,0.0008,0.9990,0.0450,0.0204,-0.0450,0.9988,-0.0087,-0.0087,0.4698,0.0032,0.0847,1.4183,0.0200,-0.0108,1.8722
0.0121,0.0928,0.9404,0.0005,-0.0128,-0.3499,-0.1135,0.0724,0.0168,0.9998,0.0008,-0.0198,-0.0000,0.9993,0.0382,0.0198,-0.0382,0.9991,-0.0085,-0.0084,0.5036,0.0036,0.0844,1.4440,0.0200,-0.0108,1.6760
0.0123,0.0921,0.9326,0.0037,-0.0205,-0.3899,-0.2231,0.0160,0.0355,0.9998,0.0013,-0.0184,-0.0007,0.9995,0.0300,0.0184,-0.0300,0.9994,-0.0083,-0.0079,0.5331,0.0040,0.0842,1.4657,0.0200,-0.0108,1.4798
0.0126,0.0912,0.9254,0.0074,-0.0286,-0.4027,-0.3421,-0.0344,0.0411,0.9999,0.0015,-0.0165,-0.0011,0.9998,0.0216,0.0165,-0.0216,0.9996,-0.0082,-0.0072,0.5581,0.0044,0.0840,1.4836,0.0200,-0.0108,1.2836
0.0130,0.0903,0.9192,0.0115,-0.0364,-0.3906,-0.4098,-0.0703,0.0333,0.9999,0.0014,-0.0143,-0.0012,0.9999,0.0133,0.0144,-0.0132,0.9998,-0.0082,-0.0065,0.5783,0.0048,0.0838,1.4975,0.0200,-0.0108,1.0874
0.0135,0.0892,0.9141,0.0156,-0.0430,-0.3591,-0.4215,-0.0937,0.0176,0.9999,0.0011,-0.0119,-0.0010,1.0000,0.0051,0.0119,-0.0050,0.9999,-0.0083,-0.0057,0.5933,0.0052,0.0836,1.5074,0.0200,-0.0108,0.8912
0.0140,0.0882,0.9104,0.0195,-0.0481,-0.3122,-0.4161,-0.1094,0.0010,1.0000,0.0006,-0.0094,-0.0006,1.0000,-0.0028,0.0094,0.0028,1.0000,-0.0084,-0.0048,0.6031,0.0056,0.0834,1.5135,0.0200,-0.0108,0.6950
0.0146,0.0872,0.9081,0.0231,-0.0512,-0.2537,-0.4103,-0.1203,-0.0113,1.0000,0.0002,-0.0070,-0.0003,1.0000,-0.0100,0.0070,0.0100,0.9999,-0.0086,-0.0040,0.6076,0.0060,0.0831,1.5156,0.0200,-0.0108,0.4988
0.0152,0.0862,0.9072,0.0261,-0.0523,-0.1872,-0.3936,-0.1254,-0.0174,1.0000,-0.0001,-0.0049,0.0000,0.9999,-0.0162,0.0049,0.0162,0.9999,-0.0088,-0.0033,0.6066,0.0064,0.0829,1.5138,0.0200,-0.0108,0.3026
0.0158,0.0853,0.9078,0.0285,-0.0513,-0.1160,-0.3582,-0.1205,-0.0174,1.0000,-0.0003,-0.0030,0.0003,0.9998,-0.0214,0.0030,0.0214,0.9998,-0.0090,-0.0026,0.6003,0.0068,0.0827,1.5081,0.0200,-0.0108,0.1064
0.0165,0.0846,0.9098,0.0303,-0.0484,-0.0428,-0.3126,-0.1067,-0.0143,1.0000,-0.0005,-0.0012,0.0004,0.9997,-0.0254,0.0013,0.0254,0.9997,-0.0092,-0.0021,0.5886,0.0072,0.0825,1.4984,0.0200,-0.0108,-0.0898
0.0171,0.0839,0.9132,0.0315,-0.0439,0.0304,-0.2591,-0.0959,-0.0102,1.0000,-0.0005,0.0004,0.0005,0.9996,-0.0282,-0.0003,0.0282,0.9996,-0.0095,-0.0016,0.5717,0.0076,0.0823,1.4849,0.0200,-0.0108,-0.2860
0.0177,0.0835,0.9177,0.0321,-0.0379,0.1016,-0.2027,-0.0878,-0.0060,1.0000,-0.0004,0.0017,0.0004,0.9996,-0.0297,-0.0017,0.0297,0.9996,-0.0097,-0.0014,0.5497,0.0080,0.0821,1.4674,0.0200,-0.0108,-0.4822
0.0184,0.0831,0.9232,0.0323,-0.0311,0.1675,-0.1368,-0.0798,-0.0005,1.0000,-0.0002,0.0028,0.0002,0.9995,-0.0303,-0.0027,0.0303,0.9995,-0.0100,-0.0013,0.5228,0.0084,0.0819,1.4460,0.0200,-0.0108,-0.6784
0.0190,0.0829,0.9295,0.0321,-0.0238,0.2257,-0.0786,-0.0698,0.0053,1.0000,0.0001,0.0032,-0.0000,0.9996,-0.0298,-0.0032,0.0298,0.9996,-0.0102,-0.0013,0.4912,0.0088,0.0816,1.4206,0.0200,-0.0108,-0.8746
0.0196,0.0829,0.9363,0.0315,-0.0164,0.2745,-0.0265,-0.0506,0.0101,1.0000,0.0004,0.0030,-0.0004,0.9996,-0.0286,-0.0031,0.0286,0.9996,-0.0104,-0.0015,0.4550,0.0092,0.0814,1.3914,0.0200,-0.0108,-1.0708
0.0202,0.0830,0.9436,0.0308,-0.0091,0.3136,0.0218,-0.0203,0.0138,1.0000,0.0008,0.0027,-0.0007,0.9996,-0.0269,-0.0027,0.0269,0.9996,-0.0106,-0.0018,0.4146,0.0096,0.0812,1.3582,0.0200,-0.0108,-1.2670
0.0207,0.0832,0.9510,0.0299,-0.0023,0.3430,0.0608,0.0051,0.0170,1.0000,0.0012,0.0021,-0.0012,0.9997,-0.0246,-0.0021,0.0246,0.9997,-0.0107,-0.0022,0.3700,0.0100,0.0810,1.3211,0.0200,-0.0108,-1.4632
0.0213,0.0835,0.9585,0.0291,0.0039,0.3629,0.0881,0.0178,0.0193,1.0000,0.0015,0.0014,-0.0015,0.9998,-0.0217,-0.0014,0.0217,0.9998,-0.0109,-0.0027,0.3215,0.0104,0.0808,1.2800,0.0200,-0.0108,-1.6594
0.0219,0.0838,0.9660,0.0284,0.0095,0.3729,0.1114,0.0304,0.0195,1.0000,0.0016,0.0009,-0.0016,0.9998,-0.0178,-0.0009,0.0178,0.9998,-0.0110,-0.0033,0.2691,0.0108,0.0806,1.2351,0.0200,-0.0108,-1.8556
0.0224,0.0843,0.9732,0.0279,0.0144,0.3752,0.1465,0.0352,0.0155,1.0000,0.0014,0.0005,-0.0014,0.9999,-0.0132,-0.0006,0.0132,0.9999,-0.0112,-0.0039,0.2129,0.0112,0.0804,1.1862,0.0200,-0.0108,-2.0518
0.0229,0.0847,0.9802,0.0275,0.0185,0.3715,0.1955,0.0242,0.0057,1.0000,0.0009,-0.0007,-0.0009,1.0000,-0.0083,0.0007,0.0083,1.0000,-0.0113,-0.0046,0.1531,0.0116,0.0801,1.1334,0.0200,-0.0108,-2.2480
0.0235,0.0853,0.9869,0.0272,0.0218,0.3627,0.2313,0.0194,-0.0090,1.0000,0.0002,-0.0025,-0.0002,1.0000,-0.0022,0.0025,0.0022,1.0000,-0.0115,-0.0053,0.0898,0.0120,0.0799,1.0766,0.0200,-0.0108,-2.4442
0.0240,0.0858,0.9903,0.0270,0.0242,0.3496,0.2432,0.0645,-0.0265,1.0000,-0.0004,0.0012,0.0004,1.0000,0.0099,-0.0012,-0.0099,1.0000,-0.0114,-0.0059,0.0902,0.0126,0.0798,1.0805,0.0200,-0.0108,-2.6404
0.0245,0.0863,0.9906,0.0270,0.0256,0.3324,0.3067,0.0882,-0.0364,1.0000,-0.0006,0.0001,0.0006,0.9998,0.0216,-0.0001,-0.0216,0.9998,-0.0113,-0.0063,0.1468,0.0133,0.0799,1.1374,0.0200,-0.0108,-2.8366
0.0251,0.0867,0.9900,0.0270,0.0256,0.0481,0.7135,-0.4251,-0.0299,1.0000,-0.0002,-0.0062,0.0004,0.9995,0.0302,0.0062,-0.0302,0.9995,-0.0111,-0.0067,0.2004,0.0140,0.0800,1.1905,0.0352,0.0026,3.0444
0.0256,0.0870,0.9882,0.0264,0.0238,0.0170,0.5861,0.0549,-0.0088,0.9999,-0.0001,-0.0101,0.0005,0.9993,0.0377,0.0101,-0.0377,0.9992,-0.0109,-0.0070,0.2514,0.0147,0.0800,1.2396,0.0352,0.0026,2.8482
0.0262,0.0872,0.9850,0.0261,0.0204,-0.0296,0.4334,0.3151,0.0166,0.9999,-0.0003,-0.0124,0.0009,0.9990,0.0439,0.0124,-0.0439,0.9990,-0.0108,-0.0072,0.2998,0.0154,0.0801,1.2848,0.0352,0.0026,2.6520
0.0268,0.0873,0.9803,0.0269,0.0162,-0.0909,0.3752,0.1955,0.0036,0.9999,-0.0007,-0.0147,0.0014,0.9989,0.0479,0.0147,-0.0479,0.9987,-0.0107,-0.0072,0.3458,0.0161,0.0801,1.3261,0.0352,0.0026,2.4558
0.0274,0.0873,0.9741,0.0281,0.0114,-0.1617,0.3074,0.1179,-0.0143,0.9999,-0.0008,-0.0164,0.0016,0.9988,0.0486,0.0164,-0.0486,0.9987,-0.0106,-0.0072,0.3893,0.0168,0.0802,1.3634,0.0352,0.0026,2.2596
0.0280,0.0872,0.9667,0.0295,0.0060,-0.2361,0.2004,0.1130,-0.0205,0.9999,-0.0006,-0.0171,0.0014,0.9989,0.0465,0.0171,-0.0465,0.9988,-0.0105,-0.0070,0.4301,0.0175,0.0802,1.3968,0.0352,0.0026,2.0635
0.0288,0.0869,0.9584,0.0312,0.0000,-0.3081,0.0357,0.0876,-0.0099,0.9999,-0.0001,-0.0167,0.0008,0.9991,0.0420,0.0167,-0.0420,0.9990,-0.0105,-0.0067,0.4680,0.0182,0.0803,1.4263,0.0352,0.0026,1.8673
0.0295,0.0865,0.9497,0.0332,-0.0065,-0.3707,-0.1060,0.0351,0.0125,0.9999,0.0006,-0.0152,-0.0001,0.9994,0.0351,0.0152,-0.0351,0.9993,-0.0106,-0.0062,0.5022,0.0189,0.0803,1.4519,0.0352,0.0026,1.6711
0.0304,0.0860,0.9413,0.0357,-0.0134,-0.4161,-0.2219,-0.0230,0.0320,0.9999,0.0011,-0.0131,-0.0008,0.9996,0.0269,0.0132,-0.0269,0.9996,-0.0107,-0.0056,0.5323,0.0196,0.0804,1.4735,0.0352,0.0026,1.4749
0.0312,0.0853,0.9334,0.0385,-0.0209,-0.4322,-0.3446,-0.0734,0.0384,0.9999,0.0013,-0.0107,-0.0011,0.9998,0.0185,0.0107,-0.0184,0.9998,-0.0109,-0.0048,0.5578,0.0203,0.0804,1.4913,0.0352,0.0026,1.2787
0.0322,0.0845,0.9266,0.0415,-0.0281,-0.4220,-0.4124,-0.1050,0.0317,1.0000,0.0013,-0.0081,-0.0012,0.9999,0.0101,0.0081,-0.0101,0.9999,-0.0112,-0.0040,0.5785,0.0210,0.0805,1.5051,0.0352,0.0026,1.0825
0.0331,0.0837,0.9208,0.0443,-0.0340,-0.3913,-0.4227,-0.1215,0.0169,1.0000,0.0010,-0.0053,-0.0010,1.0000,0.0019,0.0053,-0.0019,1.0000,-0.0114,-0.0032,0.5941,0.0217,0.0805,1.5149,0.0352,0.0026,0.8863
0.0341,0.0829,0.9165,0.0467,-0.0383,-0.3445,-0.4164,-0.1331,0.0007,1.0000,0.0006,-0.0024,-0.0006,1.0000,-0.0059,0.0024,0.0059,1.0000,-0.0117,-0.0023,0.6044,0.0224,0.0806,1.5209,0.0352,0.0026,0.6901
0.0351,0.0821,0.9135,0.0486,-0.0407,-0.2856,-0.4094,-0.1409,-0.0114,1.0000,0.0002,0.0004,-0.0002,0.9999,-0.0130,-0.0004,0.0130,0.9999,-0.0120,-0.0015,0.6094,0.0231,0.0806,1.5229,0.0352,0.0026,0.4938
0.0361,0.0814,0.9121,0.0497,-0.0410,-0.2186,-0.3914,-0.1433,-0.0177,1.0000,-0.0001,0.0028,0.0001,0.9998,-0.0192,-0.0028,0.0192,0.9998,-0.0123,-0.0007,0.6089,0.0238,0.0807,1.5210,0.0352,0.0026,0.2976
0.0371,0.0808,0.9122,0.0502,-0.0393,-0.1464,-0.3568,-0.1388,-0.0184,1.0000,-0.0003,0.0050,0.0004,0.9997,-0.0244,-0.0050,0.0244,0.9997,-0.0126,-0.0000,0.6031,0.0245,0.0807,1.5152,0.0352,0.0026,0.1014
0.0381,0.0803,0.9137,0.0499,-0.0356,-0.0720,-0.3119,-0.1239,-0.0159,1.0000,-0.0005,0.0069,0.0007,0.9996,-0.0283,-0.0069,0.0283,0.9996,-0.0128,0.0005,0.5918,0.0252,0.0808,1.5055,0.0352,0.0026,-0.0948
0.0390,0.0800,0.9165,0.0489,-0.0302,0.0025,-0.2569,-0.1090,-0.0127,1.0000,-0.0005,0.0086,0.0008,0.9995,-0.0309,-0.0085,0.0309,0.9995,-0.0130,0.0009,0.5753,0.0260,0.0808,1.4918,0.0352,0.0026,-0.2910
0.0398,0.0798,0.9206,0.0474,-0.0235,0.0754,-0.1966,-0.0943,-0.0092,0.9999,-0.0005,0.0101,0.0008,0.9995,-0.0323,-0.0100,0.0323,0.9994,-0.0132,0.0011,0.5536,0.0267,0.0809,1.4742,0.0352,0.0026,-0.4872
0.0406,0.0798,0.9257,0.0453,-0.0159,0.1436,-0.1301,-0.0824,-0.0044,0.9999,-0.0003,0.0111,0.0007,0.9995,-0.0326,-0.0111,0.0326,0.9994,-0.0133,0.0011,0.5270,0.0274,0.0809,1.4527,0.0352,0.0026,-0.6834
0.0414,0.0800,0.9317,0.0430,-0.0079,0.2043,-0.0699,-0.0748,0.0020,0.9999,-0.0001,0.0114,0.0005,0.9995,-0.0319,-0.0114,0.0319,0.9994,-0.0133,0.0010,0.4956,0.0281,0.0810,1.4273,0.0352,0.0026,-0.8796
0.0421,0.0803,0.9383,0.0403,0.0002,0.2558,-0.0136,-0.0522,0.0076,0.9999,0.0002,0.0111,0.0001,0.9995,-0.0306,-0.0111,0.0306,0.9995,-0.0133,0.0008,0.4596,0.0288,0.0811,1.3979,0.0352,0.0026,-1.0757
